col.touse <- c('#88CCEE', '#44AA99', '#117733', '#332288', '#DDCC77', '#999933','#CC6677', '#882255', '#AA4499', '#DDDDDD')
col.touse <- c("#88CCEE", "#117733", "#332288", "#CC6677", "#882255")
